18.6   -83.6   290.0   31.48
18.9   -84.3666666667   292.328564714   29.066
19.2   -85.1333333333   292.362942229   29.066
19.5   -85.9   292.397991326   29.066
19.85   -86.65   296.236444988   29.133
20.2   -87.4   296.284596215   29.133
20.55   -88.15   296.333785561   29.133
20.9   -88.9   296.384021325   29.133
21.225   -89.575   297.170003823   26.2
21.55   -90.25   297.219684808   26.2
21.875   -90.925   297.270303964   26.2
22.2   -91.6   297.321868535   26.2
22.425   -92.25   290.390688985   23.75
22.65   -92.9   290.420003694   23.75
22.875   -93.55   290.449698371   23.75
23.1   -94.2   290.479775427   23.75
23.275   -94.799875   287.489291575   21.35
23.45   -95.39975   287.510165496   21.35
23.625   -95.999625   287.531247096   21.35
23.8   -96.5995   287.552537476   21.35
23.975   -97.199375   287.574037751   21.35
24.15   -97.79925   287.595749049   21.35
24.325   -98.399125   287.617672511   21.35
24.5   -98.999   287.639809292   21.35
