22.2   -86.3   330.0   16.67
22.7666666667   -86.6666666667   329.055493259   24.444444444
23.3333333333   -87.0333333333   329.158463417   24.444444444
23.9   -87.4   329.264137642   24.444444444

24.6   -87.54975   348.932097216   26.425
25.3   -87.6995   348.991331029   26.425
26.0   -87.84925   349.0521933   26.425
26.7   -87.999   349.114676807   26.425

27.35   -87.97425   1.94831802449   24.108333333
28.0   -87.9495   1.93708494853   24.108333333
28.65   -87.92475   1.9256026038   24.108333333
29.3   -87.9   1.9138724589   24.108333333

29.65   -87.6   36.8043325207   16.158333333
30.0   -87.3   36.7096814051   16.158333333
30.35   -87.0   36.6137641263   16.158333333
30.7   -86.7   36.5165762113   16.158333333

30.737625   -86.237375   84.7138798005   14.7875
30.77525   -85.77475   84.7119121253   14.7875
30.812875   -85.312125   84.7099404548   14.7875
30.8505   -84.8495   84.7079647823   14.7875
30.888125   -84.386875   84.7059851015   14.7875
30.92575   -83.92425   84.7040014058   14.7875
30.963375   -83.461625   84.7020136889   14.7875
31.001   -82.999   84.7000219442   14.7875
