20.2   -83.9   300.0   14.8
20.5333333333   -84.2   319.792154926   16.155555556
20.8666666667   -84.5   319.852860837   16.155555556
21.2   -84.8   319.914637166   16.155555556
21.525   -85.09975   319.284701681   15.858333333
21.85   -85.3995   319.347258817   15.858333333
22.175   -85.69925   319.410850641   15.858333333
22.5   -85.999   319.47548056   15.858333333
22.925   -86.27425   329.091624158   18.325
23.35   -86.5495   329.169764208   18.325
23.775   -86.82475   329.249425671   18.325
24.2   -87.1   329.330611132   18.325
24.65025   -87.2   348.547024631   17.025
25.1005   -87.3   348.586742413   17.025
25.55075   -87.4   348.627158098   17.025
26.001   -87.5   348.668269743   17.025
26.501   -87.5   0.0   18.533333333
27.001   -87.5   0.0   18.533333333
27.501   -87.5   0.0   18.533333333
28.001   -87.5   0.0   18.533333333
28.501   -87.5   0.0   18.533333333
29.001   -87.5   0.0   18.533333333
29.501   -87.5   0.0   18.533333333
30.001   -87.5   0.0   18.533333333
