24.4   -86.8   275.0   20.37
24.4333333333   -87.3666666667   273.579090114   19.155555556
24.4666666667   -87.9333333333   273.579914418   19.155555556
24.5   -88.5   273.580740523   19.155555556
24.675   -89.025   290.022138002   18.808333333
24.85   -89.55   290.047403898   18.808333333
25.025   -90.075   290.072908572   18.808333333
25.2   -90.6   290.098653314   18.808333333
25.40025   -91.125   292.762358068   19.05
25.6005   -91.65   292.795603953   19.05
25.80075   -92.175   292.829199055   19.05
26.001   -92.7   292.863145495   19.05
26.251   -93.15   301.649053831   17.566666667
26.501   -93.6   301.703367136   17.566666667
26.751   -94.05   301.758344454   17.566666667
27.001   -94.5   301.813990065   17.566666667
27.438375   -94.812375   327.508287946   19.125
27.87575   -95.12475   327.609914371   19.125
28.313125   -95.437125   327.713290278   19.125
28.7505   -95.7495   327.818420183   19.125
29.187875   -96.061875   327.925308614   19.125
29.62525   -96.37425   328.033960107   19.125
30.062625   -96.686625   328.144379199   19.125
30.5   -96.999   328.256570429   19.125
