20.9   -87.2   0.0   0.0
21.1   -87.2333333333   351.149904162   7.502222222
21.3   -87.2666666667   351.161566497   7.502222222
21.5   -87.3   351.17333558   7.502222222

21.62525   -87.22475   29.20821578   5.316666667
21.7505   -87.1495   29.1871538242   5.316666667
21.87575   -87.07425   29.1659665086   5.316666667
22.001   -86.999   29.1446537899   5.316666667

22.251   -86.749   42.8578706155   12.616666667
22.501   -86.499   42.8073866796   12.616666667
22.751   -86.249   42.7562731314   12.616666667
23.001   -85.999   42.7045280981   12.616666667

23.37575   -85.37425   56.9965868006   25.341666667
23.7505   -84.7495   56.9242868739   25.341666667
24.12525   -84.12475   56.8505594032   25.341666667
24.5   -83.5   56.7753923921   25.341666667

25.437625   -82.312375   49.1996864354   52.041666667
26.37525   -81.12475   48.9874694641   52.041666667
27.312875   -79.937125   48.7655478231   52.041666667
28.2505   -78.7495   48.5337509419   52.041666667
29.188125   -77.561875   48.2919012957   52.041666667
30.12575   -76.37425   48.0398143506   52.041666667
31.063375   -75.186625   47.7772985177   52.041666667
32.001   -73.999   47.5041551185   52.041666667
