24.5   -84.999   275.0   11.11
24.5333333333   -85.3323333333   276.202989882   11.3
24.5666666667   -85.6656666667   276.204554118   11.3
24.6   -85.999   276.206121352   11.3
24.775   -86.39925   295.613621238   14.925
24.95   -86.7995   295.644638899   14.925
25.125   -87.19975   295.675939231   14.925
25.3   -87.6   295.707523623   14.925
25.65   -87.94975   317.87014002   17.433
26.0   -88.2995   317.952754715   17.433
26.35   -88.64925   318.036658008   17.433
26.7   -88.999   318.121855782   17.433
27.175   -89.22425   337.032231706   19.0916667
27.65   -89.4495   337.118732773   19.0916667
28.125   -89.67475   337.206759608   19.0916667
28.6   -89.9   337.296311454   19.0916667
29.150125   -89.85   4.5625955737   20.4166667
29.70025   -89.8   4.53860272017   20.4166667
30.250375   -89.75   4.51419154936   20.4166667
30.8005   -89.7   4.48936423627   20.4166667
31.350625   -89.65   4.46412299423   20.4166667
31.90075   -89.6   4.43847007476   20.4166667
32.450875   -89.55   4.41240776746   20.4166667
33.001   -89.5   4.38593839983   20.4166667
